822589
822587
822603
828207
828084
822599
822591
822584
822611
822601
822612
828125
822594
828206
822605
828101
822606
822602
822597
822585
822609
822592
828186
822598
822596
822613
822600
828062
828134
828160
828060
828183
828204
822593
828095
828103
828196
828151
828148
828111
828117
828159
822586
828083
828091
828107
822607
822608
828142
822595
828124
822590
828149
828184
822610
822604
828194
828200
828070
828123
828146
828090
828096
828154
828163
828065
828071
828129
828132
828133
828192
828198
822588
828099
828104
828110
828127
828145
828088
828089
828119
828121
828162
828118
828143
828150
828155
828161
828203
828205
828086
828138
828158
828061
828063
828067
828068
828069
828087
828093
828097
828100
828102
828105
828109
828114
828115
828116
828128
828139
828144
828147
828152
828185
828190
828199
828202
828098
828131
828188
828064
828066
828082
828085
828092
828106
828108
828112
828113
828120
828122
828126
828135
828136
828137
828140
828141
828153
828156
828157
828187
828191
828193
828195
828197
828201
835342
835345
836246
836247
836248
836249
836250
836251
836252
836253
836254
836255
836256
836257
836258
836259
836260
836261
836262
836263
836264
836265
836266
836267
836268
836269
836270
836271
836272
836273
836274
836275
836276
836277
836278
836279
836280
836281
836282
836283
836284
836285
836286
836287
836288
836289
836290
836291
836292
836293
836294
836295
836296
836297
836298
836299
836300
836301
836302
836303
836304
836305
836306
836307
836308
836309
836310
836311
836312
836313
836314
836315
836316
836317
836318
836319
836320
836321
836322
836323
836324
836325
836326
836327
836328
836329
836330
836331
