100063
100064
100070
100073
100076
100077
100080
100081
100085
100086
100087
100088
100089
100090
100091
100092
100093
100543
100554
100555
100556
100560
100565
100566
100567
100570
100575
100578
100580
100581
100593
100594
101654
101886
102283
102285
102287
102294
102412
102419
102424
102429
102434
102435
102436
102441
102443
102444
102445
102449
102456
102457
102461
102651
102903
102904
103034
103043
103046
103054
103055
103056
103058
103060
103061
103063
103064
103065
103066
103067
103068
103070
103071
103072
103073
103074
103077
103078
103079
103080
103081
103083
103084
103085
103087
103126
103665
103761
103769
103770
103771
103794
103795
103796
103797
103798
103799
103800
103801
103802
103803
103804
103840
104426
104427
104428
104501
104514
104533
104534
104535
104543
104544
104545
104546
104548
104555
104556
104563
104564
104565
104566
104567
104568
104569
104570
104571
104572
104573
104574
104575
104580
104592
104593
104596
104597
104600
104602
104603
104604
104609
104611
104613
104616
104617
104619
104620
104622
104623
104624
104629
104632
104636
104639
104641
104644
104645
104687
104690
104693
104784
104900
104994
105004
105005
105137
105138
105218
105255
105256
105310
105311
105324
105347
105358
105369
105386
105395
105435
105466
105477
105479
105481
105483
105484
105495
105503
105504
105529
105530
105532
105534
105535
105536
105537
105538
105541
105543
105545
105546
105547
105549
105550
105551
105552
105553
105554
105555
105556
105557
105559
105561
105562
105564
105565
105566
105567
105568
106110
106111
106181
106190
106193
106272
106298
106314
106322
106333
106661
106669
106670
106671
106672
106675
106676
106677
106678
106683
106689
106692
106709
106713
106721
106722
106723
106724
106725
106726
106728
106729
106738
106755
106779
106796
106799
106863
106864
107017
107018
107019
107340
107342
107348
107349
107355
107364
107387
107388
107390
107392
107394
107396
107398
107400
107401
107410
107413
107417
107447
107448
107449
107450
107459
107497
107551
107552
107553
107559
107569
107570
107574
107576
108050
108335
108434
108465
108467
108479
108481
108500
108506
108507
108766
108767
108784
108792
108836
108851
109111
109112
109143
109152
109162
109174
109205
109206
109330
109389
109390
109861
109862
109863
109864
109865
109866
109867
110083
110091
110591
110711
110715
110785
110815
110818
110903
110906
110907
110908
110910
110914
110915
110916
110917
110918
110919
110920
110921
110922
110926
110933
110935
110938
110939
110941
110942
110946
110948
110950
110951
110952
110953
111062
111466
111529
111758
111763
111791
111793
111819
111868
111991
111992
112217
112242
112243
112244
112245
112246
112263
112519
112520
112521
112522
112523
112525
112526
112746
112748
112764
112769
112770
112774
112777
112778
112780
112781
112782
112788
112789
112793
112794
112809
112810
112811
112943
112949
112952
112962
112968
112972
112979
112982
112983
112984
112985
113063
113064
113065
113237
113238
113240
113250
113252
113253
113254
114668
115235
115236
115237
115238
115266
115267
115268
115269
115272
115273
115274
115280
116067
116068
116069
116075
116081
116082
116083
116084
116899
117168
117170
117171
117188
117191
117192
117828
118630
118634
118915
119360
119371
120250
120676
120730
120731
120732
120733
120734
120735
120736
120737
120745
120746
120747
120748
120822
120823
120825
120826
120827
120828
120829
120831
120834
120835
120838
120841
121244
122054
122055
122056
122057
122058
122059
122060
122061
122062
122903
123526
123606
123775
124077
124078
124079
124080
124082
124085
126034
126056
126066
126080
126120
126133
126134
126142
126158
126167
126173
126174
126177
126178
126179
126181
126327
126334
126338
126386
126535
126663
126664
126665
126666
126667
126668
126669
126670
126671
126673
126674
126675
126676
126678
126679
126680
126682
126683
126686
126687
126688
126691
126692
126693
126694
126695
126696
126697
126698
126699
126701
126702
126703
126705
126706
126707
126709
127026
127030
127033
127035
127036
127037
127422
127423
127726
127727
127742
127770
127773
127775
127808
127809
127811
127861
127865
127913
127939
127941
127942
127943
128001
128011
128016
128017
128018
128019
128044
128052
128053
128082
128083
128084
128085
128086
128087
128088
128089
128090
128091
128092
128093
128094
128095
128096
128097
128098
128099
128100
128101
128102
128103
128104
128105
128108
128109
128110
128111
128112
128113
128114
128115
128116
128117
128118
128119
128120
128121
128122
128123
128124
128125
128126
128127
128128
128129
128130
128131
128132
128135
128136
128137
128138
128139
128140
128141
128147
128148
128150
128151
128152
128153
128154
128157
128158
128159
128160
128166
128167
128168
128171
128172
128173
128174
128175
128176
128178
128179
128180
128181
128186
128187
128188
128191
128193
128195
128196
128197
128198
128199
128200
128202
128203
128204
128205
128209
128210
128211
128212
128213
128215
128216
128217
128222
128224
128226
128230
128231
128232
128233
128234
128235
128238
128239
128240
128244
128245
128246
128248
128249
128250
128251
128252
128253
128254
128255
128256
128258
128259
128260
128261
128262
128263
128264
128265
128266
128269
128272
128275
128278
128279
128518
128519
128520
128521
128522
128523
128524
128949
129008
129023
129616
129619
129620
129621
129626
129627
129628
129629
129630
129631
129632
129824
131057
131236
132211
132215
132255
132256
132258
132259
132260
132261
132262
132264
132265
132267
132270
132275
132276
132278
132279
132281
132283
132284
132435
132557
132558
132896
132897
132898
132909
134005
134157
134160
134163
134316
134317
134319
134321
134322
134326
134328
134393
135104
135232
135402
135408
135410
135418
135420
135421
135422
135424
135425
135426
135430
135431
135434
135436
135437
135438
135439
135440
135441
135442
135443
135444
135445
135446
135447
135449
135521
135588
135980
136229
136488
136489
136490
136492
136493
136542
136657
136991
137021
137054
137059
137061
137063
137065
137070
137076
137077
137078
137080
137099
137102
137104
137232
138230
138232
138258
138415
138425
138426
138476
138478
138479
138485
138599
138918
139119
139120
139332
139333
139335
139348
139404
139433
139510
139530
139582
139757
139758
139777
139845
139848
140105
140157
140158
140159
14025
14026
140303
140963
140964
140965
140966
140968
141003
141046
141047
141087
141089
141123
141124
141147
141148
141156
141272
141273
141274
141275
141276
141280
141281
141290
141312
141336
141337
141410
141411
141412
141413
141416
141417
141418
141419
141420
141421
141423
141425
141427
141429
141430
141431
141437
141438
141439
141441
141442
141443
141444
141445
141446
141447
141594
141655
141674
141675
141687
141693
141703
141832
141838
141868
141891
141901
142187
142188
142189
143896
144215
144381
144403
144460
144536
144685
144707
144773
144781
144784
144785
144789
144964
144982
144983
145036
145071
145104
145114
145378
145455
145538
146897
146956
146983
146986
146987
146988
146997
147470
147471
147472
147473
147474
147475
147479
147481
147482
147484
147486
147487
147488
147489
147490
147491
147494
147495
147496
147498
147499
147501
147502
147504
147507
147508
147510
147537
147541
147546
147547
147555
148080
148935
148944
148947
149334
150801
151706
151710
151713
151714
151715
151727
151730
151749
151750
151753
151931
152765
152773
152779
152781
152790
155968
155976
156179
156452
156453
157930
157931
157932
157933
157934
157935
157936
157937
157938
157939
157940
157941
158128
158307
158312
158319
158327
158329
158341
158377
158383
158397
158398
158399
158400
158401
158883
158945
158946
159276
159277
159278
159419
159663
159664
159944
159945
159946
160111
160129
160130
160135
160146
160147
160148
160725
160726
160727
160956
160957
160958
161040
161472
162025
162092
162093
162094
162095
162128
164250
164251
164252
164253
164255
164260
164636
164683
164692
164702
164703
164709
165923
165933
165934
167350
167607
167608
168269
168583
168871
168873
168874
169062
171883
171991
171995
171996
174951
176565
179500
179803
179804
179805
180170
180177
180178
180180
180187
180200
180201
180202
180203
182581
183362
183370
183371
183373
183376
183377
184100
184101
184102
184103
184141
184142
184144
184245
184326
184355
184356
185177
185181
185182
185183
185276
186243
186244
186245
186246
186424
186425
186426
186428
186429
186443
186444
186445
186453
186456
190554
191179
198723
198736
198738
198739
198741
198742
199043
201505
201507
201508
201511
201513
201587
202903
202914
202921
202924
202932
202938
202962
202975
202976
203398
204135
204142
204148
204149
204966
205880
210034
214558
214559
214565
214795
214905
214954
216889
219810
221368
221619
221663
221666
221667
221669
221727
221939
221940
222161
222162
222164
222165
224075
224085
224086
224087
224088
225734
227625
227626
227627
227628
227633
229659
229670
230771
230772
230773
230981
231246
234178
234187
237193
237288
237290
237291
237321
245817
245820
245821
246175
246355
246359
246360
250566
251268
251915
251916
251918
252247
252656
252658
254302
254304
254305
254306
254307
254308
255642
255643
255699
256058
256064
256065
25724
259894
261177
263335
263356
263373
265670
265671
265674
265703
265711
265718
265734
265739
265740
265745
265747
265748
265749
265750
265751
265752
265753
266132
270348
275246
277251
277252
282193
282237
282726
283207
283815
284952
284953
285643
285713
286331
286962
286963
286964
286965
286967
286968
286969
286970
287032
287033
287035
287039
287040
287698
287928
288651
288960
288981
289056
289441
289442
290875
290883
290884
290897
290931
291940
292564
292565
292633
292752
292983
292986
295462
296994
297575
297576
298872
299244
299257
300059
300060
300061
300062
300063
300064
300065
300066
300067
304683
307290
307293
309350
309351
309368
309370
309372
309374
309379
309389
309390
309392
309396
309397
309398
309400
309401
309406
309407
309408
309409
309410
309439
309443
309446
309453
309454
310224
311583
311585
311594
311598
311599
315323
315324
315882
315883
318876
318877
318879
318880
320158
320161
320346
320347
320348
320349
320350
321472
321522
321540
321565
323630
323700
325074
325078
325079
325084
325092
325988
326009
326018
326027
326028
326249
326267
326268
327040
327382
327383
328398
328420
328422
328423
328490
328495
328525
328531
328538
328561
328579
328580
328619
328635
328650
328652
328653
328655
328659
328675
328676
328774
330973
330982
330988
330994
330997
331006
331015
331021
331033
331057
331667
331668
331669
331677
331767
331808
332159
332162
332792
332796
332798
333628
333635
333636
334017
334018
334019
334020
334392
334393
334394
334491
334579
334710
334883
334884
334993
335139
335159
335598
335619
335863
335872
335878
335879
335922
335932
336255
336638
336673
337446
338406
339650
339651
339658
339687
340593
340606
342331
342779
348126
348127
349415
349417
349418
349419
349424
349437
349441
349442
349447
349449
349456
349460
349461
349470
349471
349472
349473
349474
349475
349476
349477
349478
349479
349480
349481
349482
351112
351113
351114
353101
353105
353110
353115
356898
358113
358115
358116
362048
364569
364786
364787
368753
371712
372848
372849
377598
377870
377912
377932
378940
379010
379011
379013
379596
379601
380071
380164
380232
380235
380236
380288
380315
380374
380451
380746
380869
380917
380940
380949
380993
381011
381012
381062
381063
381069
381112
381296
381579
381643
381646
381796
381797
381877
382086
382130
382168
382169
382207
382399
383045
383120
385399
385400
385411
385413
385444
385569
385571
385654
385658
385660
385661
385662
385663
385664
385665
385666
385668
385670
385672
385693
385704
385711
385882
385884
385924
385925
385943
385954
385956
385957
385983
386032
386614
386616
386901
386919
386939
386942
386947
387059
387189
389557
389608
389892
389951
390033
390091
390152
390315
390528
390544
390546
390770
390936
390947
391058
391059
391070
391071
391074
391095
391097
391118
391119
391131
391676
391747
392630
392730
392741
392744
392832
392833
392852
392953
392975
392979
392983
393022
393073
393074
393081
393158
393171
393196
393207
393210
393213
393226
393252
393271
393296
393297
395190
395191
395201
395998
396023
396034
396035
396036
396037
396045
396049
396054
396076
396081
396082
396084
396155
396316
396322
396324
396334
396362
396367
396368
396386
396398
396401
396402
396403
396404
396405
396406
396624
396625
396628
396629
396632
396633
396635
396636
397091
397092
397404
397418
397419
397429
397443
397445
397451
397452
397688
397704
397724
401296
401315
401325
401382
403320
403322
403513
403555
404188
404229
404230
404461
404463
404640
405055
405059
405160
405189
405566
405809
405864
405959
406101
406103
406104
406437
406758
407397
407398
407399
407401
407425
407831
407832
407834
407854
407857
407861
407876
407878
407922
408085
408149
408165
408198
408261
408262
408267
408331
408333
408335
408338
408743
409875
409925
410094
410097
410110
410289
411694
411720
411721
411732
411743
411766
411767
411770
411783
411795
411885
412057
412058
412059
412062
412560
413158
413361
413362
413369
413377
413378
413380
413387
413412
413413
413439
413443
413444
413446
413447
413449
413452
413466
413543
413546
413848
414090
414092
414743
415463
415472
415547
415567
416951
418740
418741
418742
418743
418744
418753
418755
424815
425270
425275
425289
425295
427217
427228
427908
428662
428663
428665
428666
429140
429462
429965
430563
430656
431042
431043
431047
431055
431060
431374
431785
432354
432919
433692
433867
433869
433875
433876
434016
434883
434886
434888
434891
434894
434896
434898
435186
435196
435205
435341
435342
435343
435347
435462
435684
438197
438239
438336
440459
440467
441212
441213
441214
442286
442287
442288
442289
442290
442291
442292
442293
442294
446613
446946
447942
447943
449029
449041
449372
449766
450321
450623
450624
450625
450626
450627
450628
450629
450630
450631
450632
450633
450654
450655
450656
450658
450662
450719
450720
450721
450722
450723
450899
450903
450907
450908
451076
451401
452331
452538
452554
452558
452568
452636
452637
452638
452639
452644
452659
452670
452682
452685
452687
452688
452691
452694
452728
452747
452754
452763
453188
453239
453298
453440
453441
453469
453474
454032
454036
454042
454065
454072
454077
454081
454082
454096
454488
454497
454499
454504
454533
454983
454988
455450
455451
455461
455462
455469
455470
455477
455478
455480
455492
455499
455503
455594
455595
455596
455676
456138
456141
456151
456326
456327
456341
456644
456647
456648
456649
456650
456652
456653
456657
456933
457738
457741
457742
457782
457785
457790
457809
457817
458562
459251
459252
459254
459255
459256
459257
459258
459259
459263
459265
459394
459395
459401
459407
459531
459741
460694
460701
460716
460733
460735
462619
466331
466352
466381
466388
466427
466506
466507
466508
466509
466510
466511
466512
467306
467307
467419
467856
467862
467864
469031
469625
469626
469628
469629
469630
469633
469638
470968
470980
470994
471566
471580
471584
471586
471589
471591
471594
471601
471602
471605
471606
471609
471614
471623
471633
471638
471640
471657
471672
471674
475194
477011
477012
477013
477015
477016
477017
478751
478752
478756
481268
481269
484953
485638
485654
485655
488329
488418
489510
489823
489824
493470
493472
493474
493596
497426
497652
498160
499421
502656
502986
502987
503313
503314
503392
503450
503451
503454
503456
503457
503458
503459
503460
503462
503464
503468
503473
503497
503500
503501
503506
503507
503853
503855
503861
503862
503863
503864
503865
503866
503867
505952
505953
505956
505957
505958
506146
506147
506148
506149
506151
506153
506156
506158
506159
506160
506837
506838
506991
506992
509405
509418
509742
511631
513458
514390
515450
515451
515452
515453
515454
515455
516403
516413
516414
516415
516416
518767
518773
518774
519929
520383
520532
520533
520534
520535
520539
520542
520544
520548
520553
520554
520555
520556
520557
520558
524253
525751
526172
526701
528636
528639
528640
530536
531958
535380
535465
537523
537524
537530
538636
538766
541529
543243
544501
546104
546105
546106
546107
546109
546117
546118
546119
548999
549007
549023
549025
549077
549078
550897
550898
550914
550925
553313
553413
553414
553415
554341
555474
556787
556832
556871
556883
558070
558718
558828
558838
558840
562038
562155
562156
562345
562346
562429
564042
565129
567444
567447
568241
568242
568243
568315
568316
568317
568320
568321
568323
568324
568325
568326
568327
568892
568893
568894
568895
568897
568898
568901
568902
568903
568904
573076
573125
573126
573267
575848
575849
578175
580652
583591
583592
583601
583602
583603
584773
584786
584787
584795
584798
584800
585213
585221
585229
585230
585874
585875
586847
588837
588838
588841
588842
588845
588846
588850
588854
588855
588857
588858
588859
588860
588861
588862
588863
588864
594480
596232
596375
601145
601710
605546
605830
605973
606347
606907
607256
607471
607932
607933
607934
607937
607938
607939
607941
607986
608395
608396
608397
608464
608468
608471
608473
608474
608476
608480
608488
608503
608517
608521
608522
608524
608525
608531
608536
608552
608554
608561
608563
608566
608569
608572
608574
608577
608580
608581
608594
608603
608604
609617
609623
609655
609669
609673
609681
609739
609805
609821
609847
609898
610624
614304
616271
618445
618446
618447
618672
618673
618682
626235
628150
635045
635052
635062
635063
635076
635880
635883
641578
645380
649997
650006
650042
650048
650051
650060
650063
650066
652790
653126
653291
653502
656303
656304
656305
656308
656309
656310
656316
656318
656320
656321
656322
656324
656329
656331
656335
656337
656341
656345
656346
656690
657361
657362
657363
657364
657365
657366
658649
659345
660076
661161
662217
662218
663314
663633
663636
663637
663638
663639
663641
663661
664089
664090
664092
664095
664097
664098
664099
664100
664101
664102
664103
664105
664106
664109
664110
664111
664112
664113
664114
664115
664116
664117
664118
664120
664122
664124
666682
666683
666686
666714
666715
666716
671483
671484
671485
671486
671487
671488
674418
674424
674431
676000
676001
676002
676003
676004
676005
676006
676007
676008
676009
676010
676011
676012
676013
676014
676015
676016
676017
676018
676019
676020
676021
676022
676023
676024
676025
676026
676052
676057
676060
676061
676062
676063
676064
676065
676068
676070
677616
677617
677618
677619
677620
677621
678838
678861
678954
681360
683727
683729
683731
686000
686250
687275
693513
702702
703344
704198
704245
704376
704377
704378
704379
704380
704381
704382
704383
704384
704385
704387
704389
704397
704401
704402
704403
704404
704405
704406
704407
705192
706017
706805
706811
706813
708621
708622
708624
708757
708760
709869
709870
709871
709872
709873
709874
710425
710426
710428
710429
710430
710431
710434
710435
710436
710437
710442
710532
712256
713690
713725
714196
714210
714423
714424
714426
714427
714612
714615
714618
714619
714628
715016
715018
715020
721965
722239
722240
722241
724162
724992
724995
724996
724997
725658
727387
727585
727720
728125
728126
728127
728128
728129
728130
728131
728132
728134
728137
728138
728141
728152
728154
728155
728156
728157
728158
728159
729310
729311
729387
730089
730107
730169
730281
730901
730902
730903
730904
730905
730906
730938
730939
730940
730941
730942
730943
730944
730945
730946
730947
730948
730949
730950
730951
730952
730953
730954
730955
730956
730957
730958
730959
730960
730961
730962
730963
730964
730965
730966
730967
730968
731013
731014
731015
731016
731017
731018
731020
731021
731022
731035
732652
732656
732728
732802
732803
732806
732807
735734
735736
735737
735753
735757
737018
737032
737033
737034
737035
737036
739089
739095
739102
740241
740243
740244
740270
740279
740343
740403
740404
740406
740407
740422
740532
740774
740779
740972
742095
742112
742429
742506
742507
742508
742509
742510
742511
742512
742513
742514
742516
742517
742518
742520
742521
742522
742523
742562
743023
743026
743029
743030
743031
743036
743038
743535
743930
743933
743937
743994
744291
744292
744293
744294
744295
744296
744297
744298
744299
744300
744312
744313
744314
744315
744316
744317
744318
744319
744320
744321
744322
744802
744848
744849
744850
744851
744852
744853
744854
744855
744858
745687
746161
746292
746381
746459
751289
751290
751291
751292
751297
751300
751301
751303
751304
751307
751308
751309
751310
751311
751632
752430
752442
752787
752789
752790
752791
752859
753242
753257
753258
753262
753264
753267
753270
753272
753273
753274
753276
753318
754979
755030
755033
755878
755879
755880
755881
755882
755883
755884
755885
755886
755887
756978
757134
757135
758746
758747
758748
758749
758750
758751
762695
763301
764415
764509
764510
764512
764515
764613
764614
764615
764616
764621
764622
764623
764624
764627
764629
764632
764633
764634
764635
764636
764637
764638
764639
765619
765620
766293
767050
767082
767128
767135
767136
767168
767169
768194
769718
770153
772152
773829
774169
774210
775106
775359
775834
775835
775836
775837
775838
775839
775840
775841
775842
776337
776338
776339
776340
776343
776349
776354
776365
776366
776367
776368
776369
776370
776371
781249
781251
782236
793173
793179
793184
793190
793196
793199
793201
793205
802480
806644
806645
806646
807560
816214
91103
91104
91105
91106
91109
91113
91114
91115
91118
91119
91121
91122
91125
91126
91127
91128
91130
91131
91132
91133
91134
91135
91138
91140
91141
91142
91145
91146
91147
91148
91149
91150
91151
91152
91153
91154
91155
91156
91157
91158
91159
91160
91161
91163
91164
91165
91166
91167
91168
91169
91170
91171
91172
91173
91174
91175
91176
91177
91178
91180
91181
91182
91183
91184
91185
91186
91187
91188
91189
91190
91191
91192
91193
91195
91196
91197
91200
91203
91206
91209
91213
91214
91216
91217
91218
91220
91221
91223
91224
91225
91226
91227
91228
91230
91231
91232
91233
91234
91235
91238
91241
91242
91243
91244
91245
91246
91247
91249
91250
91251
91252
91253
91254
91256
91258
91259
91260
91261
91263
91264
91266
91267
91269
91271
91272
91273
91274
91275
91276
91277
91278
91279
91280
91281
91282
91283
91285
91286
91287
91288
91289
91290
91291
91292
91293
91294
91295
91296
91297
91298
91299
91300
91301
91302
91303
91311
91312
91313
91317
91319
91320
91321
91323
91324
91325
91327
91328
91330
91331
91333
91334
91335
91336
91339
91340
91341
91342
91343
91344
91347
91349
91352
91354
91359
91362
91365
91372
91374
91377
91379
91385
91387
91389
91390
91391
91396
91397
91399
91400
91407
91409
91410
91412
91416
91418
91422
91423
91425
91426
91427
91429
91431
91433
91438
91441
91445
91447
91450
91452
91453
91454
91457
91458
91460
91461
91462
91464
91465
91466
91467
91475
91476
91480
91481
91484
91486
91488
91489
91490
91491
91492
91493
91494
91495
91496
91497
91498
91501
91505
91508
91509
91511
91514
91515
91519
91525
91526
91528
91529
91533
91537
91538
91540
91543
91545
91546
91551
91552
91557
91558
91560
91569
91570
91575
91580
91584
91585
91586
91594
91597
91616
91624
91636
91637
91638
91649
91651
91657
91661
91664
91669
91672
91688
91690
91697
91698
91714
91719
91724
91728
91750
91755
91775
91776
91777
91786
91800
91806
91818
91898
91990
92009
92010
92011
92012
92018
92020
92022
92023
92026
92030
92034
92043
92053
92072
92081
92094
92097
92098
92105
92114
92115
92116
92117
92118
92119
92122
92129
92130
92134
92137
92143
92144
92145
92148
92150
92151
92152
92153
92154
92156
92157
92158
92159
92162
92206
93003
93004
93005
93008
93009
93010
93014
93015
93016
93017
93021
93022
93023
93024
93026
93029
93030
93031
93033
93034
93036
93037
93046
93048
93049
93050
93051
93052
93053
93056
93060
93062
93067
93068
93069
93071
93076
93078
93080
93081
93082
93083
93085
93086
93087
93088
93089
93090
93091
93092
93094
93095
93096
93097
93098
93099
93100
93101
93114
93117
93125
93136
93137
93156
93166
93171
93177
93184
93186
93189
93194
93195
93206
93229
93235
93246
93273
93277
93281
93301
93312
93313
93314
93316
93317
93321
93322
93331
93332
93333
93347
93374
93378
93379
93380
93381
93511
93512
93513
93514
93516
93519
93520
93521
93522
93993
94869
94870
94871
94872
94873
94874
94897
94902
94904
94905
94908
94909
94915
94916
94917
94918
94919
94920
94921
95118
95119
95120
95122
95123
95124
95125
95126
95127
95128
95129
95239
95244
95246
95247
95248
95318
95723
95724
95888
95890
96548
96549
96550
96551
96552
96553
96554
96558
96559
96561
96562
96566
96567
96568
96570
96571
96573
96576
96580
96582
96585
96586
96587
96589
96610
96618
96619
96620
96627
96630
96632
96636
96640
96647
96650
96659
96661
96667
96668
96669
96671
96673
96674
96675
96676
96678
96679
96680
96682
96685
96686
96692
96693
96695
96699
96700
96703
96705
96708
96709
96710
96711
96712
96714
96715
96725
96726
96729
96731
96733
96737
96741
96742
96743
96744
96745
96746
96755
98097
98403
98512
98529
98530
98531
98532
98533
98534
98592
98597
98649
98651
98654
98662
98665
98666
98669
98671
98677
98681
98686
98947
99574